-48.171018231988946 -18.247322704250113
-48.17101963904955 -18.24732326352786
-48.171166414267645 -18.247384611203163
-48.17123873091134 -18.24742071080391
-48.17154130244691 -18.247570296969965
-48.17165832222795 -18.247624452830525
-48.17176866962341 -18.247679340108416
-48.17190070959351 -18.247741647228782
-48.17213461853433 -18.24785014015957
-48.17233698373535 -18.24794613391215
-48.17252169162848 -18.248036078620817
-48.17269183542209 -18.248121467684008
-48.17282992979672 -18.24819384742981
-48.173053265616076 -18.248312878580286
-48.17324896289225 -18.248419423109898
-48.17329289318049 -18.248450687984523
-48.17334159830301 -18.248493433310813
-48.17339154832431 -18.24854554424504
-48.17347420180594 -18.248636826035444
-48.17359135279591 -18.248769945763645
-48.17362607931617 -18.24882014638731
-48.173667943079835 -18.24889001132001
-48.17370624326412 -18.24896396746092
-48.17381213707167 -18.249164262831744
-48.17385111358845 -18.249224765557933
-48.17389661891445 -18.249284412933697
-48.173943356267536 -18.24933543559788
-48.174001505704624 -18.249390660166384
-48.17406341677916 -18.249441962864218
-48.174126875229035 -18.249487253524006
-48.174306811343975 -18.249618058149277
-48.17442860164489 -18.249703023773204
-48.17455819479594 -18.249797346394377
-48.17455974339262 -18.249799118511234
-48.17457736241105 -18.249825484323882
-48.174578509365894 -18.24982785646347
-48.174586480893325 -18.24985188167349
-48.17458693268155 -18.24985435046412
-48.17458837412005 -18.24988421340286
-48.17458778489261 -18.249890972152826
-48.17457702522803 -18.24994032348049
-48.174556671839234 -18.250000161988165
-48.174525443749786 -18.250075508174803
-48.174476730876 -18.250183417678215
-48.17438789604625 -18.25037508483609
-48.174337086017694 -18.250475684972194
-48.17421187518124 -18.250720105903845
-48.17415224550966 -18.25082871460176
-48.17408535455838 -18.250956882923084
-48.17403748459697 -18.25105711495093
-48.1740083179302 -18.251131367441666
-48.17399429354763 -18.251187135362386
-48.17398931835374 -18.251229072734812
-48.1739886383662 -18.251292521945604
-48.17399495067457 -18.25135748805958
-48.17400804895958 -18.251422445567158
-48.174034974191144 -18.251571495124193
-48.174039636663785 -18.251635563346692
-48.17405590020948 -18.251826178870424
-48.17405670803308 -18.251829921593384
-48.174077141728766 -18.25188972097722
-48.17407795976971 -18.25189131724827
-48.17411272784153 -18.251944015866467
-48.17415227399954 -18.25199054254993
-48.17420881837977 -18.25204874745482
-48.174326657121476 -18.25217374050021
-48.17432788389183 -18.252175636277805
-48.17435027137818 -18.252222190285956
-48.174351725189844 -18.252226648807213
-48.174359275764296 -18.252266461743268
-48.17435942445779 -18.25226896491133
-48.17435621739639 -18.252313367934693
-48.174354312054945 -18.252322717058654
-48.17433461727798 -18.252382479241895
-48.174307834919595 -18.252442046349802
-48.174270668546086 -18.25251095196879
-48.17423080582724 -18.25257194448287
-48.17418685287423 -18.252627592451308
-48.17413624655013 -18.25268235678185
-48.174042918640644 -18.25278793902799
-48.17399979901659 -18.252845764038067
-48.173922062830556 -18.2529439430054
-48.173876785214944 -18.25298954593109
-48.17382250473863 -18.253035503026226
-48.17376432920759 -18.253076565950938
-48.173703550078905 -18.253111488968017
-48.17364541933632 -18.253137057847944
-48.17358475213427 -18.253155867805436
-48.17352222125295 -18.253167994913447
-48.17345172681481 -18.253175387624132
-48.17323444071861 -18.253196196297047
-48.17314065672841 -18.253200500731054
-48.173072241328235 -18.25319717227689
-48.17300674326798 -18.25318710265976
-48.17294536298168 -18.253170803424762
-48.17288065117475 -18.25314678228486
-48.172719806181235 -18.25308983795732
-48.17271790151749 -18.2530894659105
-48.172643034238085 -18.25308091987251
-48.17259927381267 -18.253081102527386
-48.17252439662614 -18.25308716144629
-48.172351439945075 -18.253098544940833
-48.172241266505466 -18.2531018626694
-48.17216149001104 -18.253109801628458
-48.17209029832216 -18.25312283963544
-48.172026084326895 -18.253141125992006
-48.171966287122395 -18.253165577931053
-48.17190220769326 -18.253198197469022
-48.17178874485877 -18.25325968239781
-48.17164619348705 -18.253333890669868
-48.17134794317245 -18.2534905886081
-48.17127199388128 -18.25353606573743
-48.17121846345865 -18.253575923400092
-48.17119701673296 -18.253596399322028
-48.17116616083514 -18.253634311199338
-48.17114953518871 -18.253660968083768
-48.17112334009999 -18.253716580740274
-48.1710757246722 -18.253826188026952
-48.17103282166726 -18.2539136098071
-48.17100469619131 -18.25395629005243
-48.170996877608204 -18.25396540782516
-48.170978169941776 -18.25398231551169
-48.17097396833869 -18.253985256957055
-48.170951638898366 -18.253997044665585
-48.1709468878274 -18.25399885591133
-48.17091973034816 -18.25400569318004
-48.17090981795503 -18.254006949722523
-48.17086270091031 -18.25400728732257
-48.17077531195931 -18.254002950473105
-48.170726005710044 -18.254006300577377
-48.170692291055666 -18.254012618673478
-48.17063272889954 -18.254030983225604
-48.17056671511428 -18.254057919181054
-48.17046157655786 -18.254104842932875
-48.17037200186388 -18.254139623742258
-48.1703131858023 -18.254154820384468
-48.17017576580991 -18.254193615835938
-48.170164852682746 -18.254198186824723
-48.17010957495759 -18.254229166245633
-48.17009524328251 -18.254239649179315
-48.170052170225496 -18.254280143385518
-48.17003393860521 -18.254302150868302
-48.17000845676984 -18.254342191064648
-48.16998948332246 -18.2543824366662
-48.1699516539651 -18.254473042023637
-48.16992986776663 -18.254540738414434
-48.16991673272377 -18.2546034324585
-48.1699032213489 -18.254691427619427
-48.16989747492609 -18.25476740980817
-48.16990038254985 -18.254820707148223
-48.16990912789969 -18.254867559035123
-48.16992759501614 -18.254925913255793
-48.16995660875647 -18.254999088707763
-48.16999808375633 -18.255113380998527
-48.17001089275385 -18.255170179473733
-48.17001276219344 -18.2551910635599
-48.17001131739771 -18.25522568918323
-48.170004493639546 -18.25526512362131
-48.16998612612783 -18.255335310374626
-48.16994888072593 -18.255488610454705
-48.16993963614092 -18.255554840692483
-48.16992988686202 -18.255655731950814
-48.169925434688274 -18.255750125117462
-48.169926009234864 -18.255840156176003
-48.16993143505609 -18.255930724706324
-48.16993363670925 -18.256037283000484
-48.169931491101245 -18.256057215422594
-48.169917698973435 -18.256116828906084
-48.1699105940642 -18.25613597480475
-48.16988315201375 -18.256189015416993
-48.16987125297971 -18.256206182965634
-48.169842789226145 -18.256237679666626
-48.169835163716954 -18.256244201716438
-48.16980832909436 -18.25626179416912
-48.16980138170618 -18.256265198118605
-48.16977272179204 -18.256275166977964
-48.169765277706226 -18.25627679945497
-48.16973469881236 -18.25627983167767
-48.16972465647373 -18.25627959820636
-48.169688091123085 -18.25627439249045
-48.16966974673761 -18.256269485053352
-48.16960712703634 -18.256245702002705
-48.169541058575994 -18.256214080083264
-48.16933012872399 -18.25611102093883
-48.16915837209604 -18.25602962924462
-48.169022198854584 -18.25596827852556
-48.16889637474777 -18.255908171008794
-48.16852906025244 -18.25573388264777
-48.168414625774325 -18.255683441925804
-48.168312220285756 -18.255634008652112
-48.16813715551344 -18.25555195764172
-48.167989241059104 -18.255485594753523
-48.16780535617783 -18.255400754857504
-48.1676476353639 -18.25532522864071
-48.16688036556544 -18.254958371435844
-48.16661752342413 -18.254834341864555
-48.16647637943513 -18.25477084317215
-48.16614594097206 -18.2546208588832
-48.1659505451402 -18.25452997916483
-48.165433148686255 -18.254288506484134
-48.16519451057366 -18.254175265340155
-48.16515309519482 -18.254149061700236
-48.16514746367759 -18.25414437809367
-48.16513079114719 -18.254126635344136
-48.16512781688227 -18.25412249207991
-48.165118181250335 -18.254104477755874
-48.16511642644789 -18.254099725396156
-48.16511248750852 -18.254082344406108
-48.16511202994993 -18.25407723706506
-48.16511305501627 -18.254054706182792
-48.16511439831077 -18.254047392967426
-48.16512422117968 -18.254017205777533
-48.16512932441597 -18.254006499412167
-48.165162928958324 -18.253952805278004
-48.165209763216026 -18.2538881669716
-48.165294363122285 -18.2537663453172
-48.16537910581647 -18.253639379421884
-48.16551973622916 -18.253431804552047
-48.16566654231901 -18.253218143596325
-48.16579793443368 -18.2530236114523
-48.165920880997625 -18.25283815491401
-48.166038095815175 -18.25265765825261
-48.166066824503254 -18.25260027359007
-48.166091664101536 -18.25253625651339
-48.166114601437584 -18.25246185581105
-48.16614539658898 -18.252349135127403
-48.166178155560615 -18.252217032719756
-48.166228583838596 -18.25200536695029
-48.16626119280179 -18.251856228714693
-48.16633786147959 -18.25151127513911
-48.166389569354834 -18.251287367572917
-48.166454906004375 -18.251011251098888
-48.16653172395193 -18.250681034419166
-48.16655070686964 -18.25058074373826
-48.166581963221915 -18.2504311532591
-48.16660813537716 -18.250325506108695
-48.16667372040842 -18.250054306319242
-48.166703578221814 -18.24994844201981
-48.166724715768474 -18.249898967879048
-48.16675534269919 -18.249845729608573
-48.166787101098386 -18.249803668712072
-48.16682395454393 -18.249765808901373
-48.1668717350853 -18.249727310943694
-48.16695174450103 -18.24966848670999
-48.16703166361902 -18.249615262217656
-48.16711008739474 -18.24956882732606
-48.167484294428924 -18.249348443329595
-48.16767922162531 -18.24923145343067
-48.167769792137406 -18.249182100214398
-48.16783960774855 -18.24915040953331
-48.16793991756393 -18.249100297936753
-48.167941560377244 -18.24909917124881
-48.16800121105281 -18.249051293413142
-48.16811345787471 -18.248965388747706
-48.168173851802884 -18.248926930488928
-48.168279648357874 -18.24886378513419
-48.16840474194335 -18.24878574067964
-48.16866278038312 -18.24862641536326
-48.16891887405148 -18.24847000526774
-48.169224715364265 -18.248284611152926
-48.16942155997931 -18.248163131147656
-48.16975009226726 -18.24796171136208
-48.17002955190942 -18.247791917870092
-48.17028344506759 -18.247639364278832
-48.17049368601856 -18.24751511071119
-48.170613880516 -18.247447773228185
-48.17072170297917 -18.247391464122753
-48.170794728119 -18.247359370679074
-48.170860165849845 -18.24733737438331
-48.17089013490942 -18.24733007375713
